Time (seconds), Duration (seconds),pred_unlabelled,pred_Kyle,pred_Sean
0.00000,0.52194,0.71909,0.03293,0.24797
0.07000,0.52194,0.83647,0.01992,0.14361
0.14000,0.52194,0.86495,0.01613,0.11892
0.21000,0.52194,0.74923,0.00945,0.24131
0.28000,0.52194,0.78604,0.00407,0.20989
0.35000,0.52194,0.75123,0.00248,0.24629
0.42000,0.52194,0.45532,0.00608,0.53860
0.49000,0.52194,0.08998,0.00202,0.90800
0.56000,0.52194,0.21295,0.00257,0.78448
0.63000,0.52194,0.05119,0.00516,0.94365
0.70000,0.52194,0.00154,0.00053,0.99792
0.77000,0.52194,0.00006,0.00021,0.99973
0.84000,0.52194,0.00002,0.00001,0.99996
0.91000,0.52194,0.00000,0.00001,0.99999
0.98000,0.52194,0.00000,0.00000,1.00000
1.05000,0.52194,0.00000,0.00001,0.99999
1.12000,0.52194,0.00000,0.00000,1.00000
1.19000,0.52194,0.00000,0.00031,0.99969
1.26000,0.52194,0.00000,0.00000,1.00000
1.33000,0.52194,0.00000,0.00000,1.00000
1.40000,0.52194,0.00002,0.00016,0.99982
1.47000,0.52194,0.00007,0.00031,0.99961
1.54000,0.52194,0.00033,0.00028,0.99939
1.61000,0.52194,0.00000,0.00000,1.00000
1.68000,0.52194,0.00000,0.00002,0.99998
1.75000,0.52194,0.00000,0.00017,0.99983
1.82000,0.52194,0.00000,0.00020,0.99980
1.89000,0.52194,0.00000,0.00004,0.99996
1.96000,0.52194,0.00000,0.00015,0.99985
2.03000,0.52194,0.00000,0.00005,0.99995
2.10000,0.52194,0.00000,0.00201,0.99799
2.17000,0.52194,0.00000,0.00250,0.99750
2.24000,0.52194,0.00001,0.00398,0.99601
2.31000,0.52194,0.00000,0.00050,0.99950
2.38000,0.52194,0.00008,0.00609,0.99384
2.45000,0.52194,0.00005,0.00164,0.99831
2.52000,0.52194,0.00000,0.00007,0.99993
2.59000,0.52194,0.00000,0.00000,1.00000
2.66000,0.52194,0.00000,0.00000,1.00000
2.73000,0.52194,0.00000,0.00000,1.00000
2.80000,0.52194,0.00000,0.00005,0.99995
2.87000,0.52194,0.00000,0.00005,0.99995
2.94000,0.52194,0.00006,0.00172,0.99822
3.01000,0.52194,0.00030,0.00769,0.99201
3.08000,0.52194,0.00024,0.00693,0.99283
3.15000,0.52194,0.00005,0.00174,0.99821
3.22000,0.52194,0.00009,0.00571,0.99420
3.29000,0.52194,0.00001,0.00061,0.99939
3.36000,0.52194,0.00000,0.00014,0.99986
3.43000,0.52194,0.00000,0.00007,0.99993
3.50000,0.52194,0.00000,0.00001,0.99999
3.57000,0.52194,0.00000,0.00116,0.99884
3.64000,0.52194,0.00000,0.00024,0.99976
3.71000,0.52194,0.00000,0.00012,0.99988
3.78000,0.52194,0.00000,0.00082,0.99918
3.85000,0.52194,0.00000,0.00021,0.99979
3.92000,0.52194,0.00000,0.00016,0.99983
3.99000,0.52194,0.00000,0.00001,0.99999
4.06000,0.52194,0.00000,0.00001,0.99999
4.13000,0.52194,0.00000,0.00003,0.99997
4.20000,0.52194,0.00000,0.00004,0.99995
4.27000,0.52194,0.00000,0.00001,0.99999
4.34000,0.52194,0.00001,0.00001,0.99998
4.41000,0.52194,0.00181,0.00080,0.99739
4.48000,0.52194,0.01197,0.00139,0.98664
4.55000,0.52194,0.19623,0.00533,0.79843
4.62000,0.52194,0.31706,0.01261,0.67033
4.69000,0.52194,0.01982,0.02179,0.95838
4.76000,0.52194,0.00071,0.01079,0.98849
4.83000,0.52194,0.00089,0.00958,0.98952
4.90000,0.52194,0.00023,0.00625,0.99352
4.97000,0.52194,0.00009,0.00300,0.99690
5.04000,0.52194,0.00001,0.01022,0.98977
5.11000,0.52194,0.00000,0.00291,0.99709
5.18000,0.52194,0.00002,0.01480,0.98518
5.25000,0.52194,0.00001,0.00338,0.99661
5.32000,0.52194,0.00001,0.00191,0.99808
5.39000,0.52194,0.00000,0.00149,0.99851
5.46000,0.52194,0.00002,0.01158,0.98841
5.53000,0.52194,0.00000,0.00503,0.99497
5.60000,0.52194,0.00001,0.00495,0.99504
5.67000,0.52194,0.00000,0.00035,0.99965
5.74000,0.52194,0.00000,0.00383,0.99616
5.81000,0.52194,0.00001,0.00496,0.99503
5.88000,0.52194,0.00000,0.00183,0.99816
5.95000,0.52194,0.00000,0.00106,0.99894
6.02000,0.52194,0.00000,0.00180,0.99820
6.09000,0.52194,0.00000,0.00026,0.99974
6.16000,0.52194,0.00000,0.00082,0.99918
6.23000,0.52194,0.00000,0.01249,0.98750
6.30000,0.52194,0.00001,0.02268,0.97731
6.37000,0.52194,0.00000,0.00207,0.99793
6.44000,0.52194,0.00001,0.00052,0.99947
6.51000,0.52194,0.00001,0.00063,0.99937
6.58000,0.52194,0.00000,0.00121,0.99879
6.65000,0.52194,0.00002,0.00079,0.99919
6.72000,0.52194,0.00035,0.00134,0.99831
6.79000,0.52194,0.00122,0.00199,0.99679
6.86000,0.52194,0.02162,0.03733,0.94105
6.93000,0.52194,0.05139,0.03324,0.91537
7.00000,0.52194,0.05327,0.03746,0.90927
7.07000,0.52194,0.01456,0.02459,0.96085
7.14000,0.52194,0.00606,0.01809,0.97585
7.21000,0.52194,0.00034,0.02417,0.97549
7.28000,0.52194,0.00001,0.00135,0.99863
7.35000,0.52194,0.00000,0.00049,0.99951
7.42000,0.52194,0.00000,0.00131,0.99869
7.49000,0.52194,0.00001,0.00071,0.99927
7.56000,0.52194,0.00002,0.00214,0.99784
7.63000,0.52194,0.00001,0.00215,0.99784
7.70000,0.52194,0.00001,0.00065,0.99934
7.77000,0.52194,0.00004,0.00298,0.99699
7.84000,0.52194,0.00000,0.00034,0.99966
7.91000,0.52194,0.00000,0.00050,0.99950
7.98000,0.52194,0.00000,0.00042,0.99958
8.05000,0.52194,0.00000,0.00051,0.99949
8.12000,0.52194,0.00000,0.00004,0.99996
8.19000,0.52194,0.00000,0.00016,0.99984
8.26000,0.52194,0.00000,0.00265,0.99735
8.33000,0.52194,0.00001,0.01877,0.98123
8.40000,0.52194,0.00000,0.00211,0.99789
8.47000,0.52194,0.00000,0.00006,0.99994
8.54000,0.52194,0.00000,0.00002,0.99998
8.61000,0.52194,0.00000,0.00008,0.99992
8.68000,0.52194,0.00000,0.00001,0.99999
8.75000,0.52194,0.00000,0.00000,1.00000
8.82000,0.52194,0.00000,0.00000,1.00000
8.89000,0.52194,0.00000,0.00001,0.99999
8.96000,0.52194,0.00001,0.00002,0.99998
9.03000,0.52194,0.00000,0.00004,0.99995
9.10000,0.52194,0.00000,0.00004,0.99996
9.17000,0.52194,0.00001,0.00008,0.99992
9.24000,0.52194,0.00001,0.00011,0.99989
9.31000,0.52194,0.00007,0.00028,0.99965
9.38000,0.52194,0.00187,0.00496,0.99316
9.45000,0.52194,0.01313,0.00416,0.98271
9.52000,0.52194,0.02448,0.01025,0.96527
9.59000,0.52194,0.26471,0.03399,0.70130
9.66000,0.52194,0.42339,0.01087,0.56573
9.73000,0.52194,0.65784,0.00803,0.33413
9.80000,0.52194,0.20651,0.01272,0.78077
9.87000,0.52194,0.01036,0.00093,0.98871
9.94000,0.52194,0.00067,0.00035,0.99898
10.01000,0.52194,0.00007,0.00012,0.99981
10.08000,0.52194,0.00001,0.00013,0.99987
10.15000,0.52194,0.00000,0.00027,0.99973
10.22000,0.52194,0.00000,0.00016,0.99984
10.29000,0.52194,0.00000,0.00004,0.99996
10.36000,0.52194,0.00000,0.00147,0.99853
10.43000,0.52194,0.00001,0.00067,0.99932
10.50000,0.52194,0.00002,0.00231,0.99767
10.57000,0.52194,0.00003,0.00235,0.99762
10.64000,0.52194,0.00001,0.00038,0.99961
10.71000,0.52194,0.00001,0.00061,0.99938
10.78000,0.52194,0.00007,0.00053,0.99940
10.85000,0.52194,0.00001,0.00028,0.99971
10.92000,0.52194,0.00004,0.00033,0.99963
10.99000,0.52194,0.00023,0.00037,0.99941
11.06000,0.52194,0.00279,0.00491,0.99231
11.13000,0.52194,0.00170,0.00088,0.99741
11.20000,0.52194,0.00009,0.00029,0.99962
11.27000,0.52194,0.00004,0.00036,0.99960
11.34000,0.52194,0.00001,0.00004,0.99995
11.41000,0.52194,0.00000,0.00000,1.00000
11.48000,0.52194,0.00000,0.00000,1.00000
11.55000,0.52194,0.00000,0.00000,1.00000
11.62000,0.52194,0.00000,0.00001,0.99999
11.69000,0.52194,0.00000,0.00001,0.99999
11.76000,0.52194,0.00000,0.00001,0.99999
11.83000,0.52194,0.00000,0.00046,0.99954
11.90000,0.52194,0.00001,0.00013,0.99986
11.97000,0.52194,0.00024,0.00751,0.99225
12.04000,0.52194,0.00063,0.00559,0.99378
12.11000,0.52194,0.02234,0.05843,0.91923
12.18000,0.52194,0.06042,0.06081,0.87877
12.25000,0.52194,0.05456,0.02659,0.91885
12.32000,0.52194,0.00066,0.00629,0.99306
12.39000,0.52194,0.00001,0.00046,0.99953
12.46000,0.52194,0.00000,0.00002,0.99998
12.53000,0.52194,0.00000,0.00001,0.99999
12.60000,0.52194,0.00000,0.00000,0.99999
12.67000,0.52194,0.00000,0.00002,0.99998
12.74000,0.52194,0.00008,0.00041,0.99951
12.81000,0.52194,0.00070,0.00035,0.99895
12.88000,0.52194,0.04076,0.02474,0.93450
12.95000,0.52194,0.53728,0.08719,0.37553
13.02000,0.52194,0.42234,0.08611,0.49155
13.09000,0.52194,0.10004,0.00967,0.89029
13.16000,0.52194,0.03742,0.00980,0.95278
13.23000,0.52194,0.01769,0.02748,0.95484
13.30000,0.52194,0.00408,0.01513,0.98079
13.37000,0.52194,0.00060,0.00366,0.99574
13.44000,0.52194,0.00001,0.00049,0.99950
13.51000,0.52194,0.00000,0.00010,0.99990
13.58000,0.52194,0.00000,0.00050,0.99950
13.65000,0.52194,0.00000,0.00005,0.99995
13.72000,0.52194,0.00000,0.00001,0.99999
13.79000,0.52194,0.00000,0.00000,1.00000
13.86000,0.52194,0.00000,0.00000,1.00000
13.93000,0.52194,0.00000,0.00001,0.99999
14.00000,0.52194,0.00000,0.00001,0.99999
14.07000,0.52194,0.00000,0.00000,1.00000
14.14000,0.52194,0.00000,0.00001,0.99999
14.21000,0.52194,0.00000,0.00003,0.99997
14.28000,0.52194,0.00001,0.00019,0.99980
14.35000,0.52194,0.00008,0.00081,0.99911
14.42000,0.52194,0.00005,0.00085,0.99911
14.49000,0.52194,0.00073,0.00675,0.99252
14.56000,0.52194,0.00025,0.00127,0.99848
14.63000,0.52194,0.00006,0.00135,0.99859
14.70000,0.52194,0.00004,0.00131,0.99864
14.77000,0.52194,0.00018,0.00031,0.99951
14.84000,0.52194,0.00002,0.00006,0.99992
14.91000,0.52194,0.00000,0.00002,0.99998
14.98000,0.52194,0.00000,0.00003,0.99996
15.05000,0.52194,0.00002,0.00017,0.99981
15.12000,0.52194,0.00001,0.00005,0.99995
15.19000,0.52194,0.00000,0.00002,0.99998
15.26000,0.52194,0.00000,0.00010,0.99990
15.33000,0.52194,0.00000,0.00031,0.99969
15.40000,0.52194,0.00000,0.00028,0.99971
15.47000,0.52194,0.00000,0.00062,0.99938
15.54000,0.52194,0.00000,0.00002,0.99998
15.61000,0.52194,0.00000,0.00020,0.99980
15.68000,0.52194,0.00000,0.00002,0.99997
15.75000,0.52194,0.00006,0.00022,0.99973
15.82000,0.52194,0.00124,0.00049,0.99827
15.89000,0.52194,0.00164,0.00119,0.99718
15.96000,0.52194,0.01313,0.00706,0.97980
16.03000,0.52194,0.23362,0.08985,0.67652
16.10000,0.52194,0.78375,0.07901,0.13724
16.17000,0.52194,0.84699,0.03305,0.11996
16.24000,0.52194,0.80937,0.01832,0.17232
16.31000,0.52194,0.76814,0.01048,0.22137
16.38000,0.52194,0.73211,0.00804,0.25985
16.45000,0.52194,0.67576,0.01235,0.31189
16.52000,0.52194,0.53399,0.00735,0.45867
16.59000,0.52194,0.05050,0.00919,0.94032
16.66000,0.52194,0.00750,0.00843,0.98407
16.73000,0.52194,0.00051,0.00275,0.99674
16.80000,0.52194,0.00042,0.01176,0.98781
16.87000,0.52194,0.00000,0.00072,0.99927
16.94000,0.52194,0.00000,0.00015,0.99985
17.01000,0.52194,0.00000,0.00033,0.99967
17.08000,0.52194,0.00000,0.00008,0.99992
17.15000,0.52194,0.00000,0.00044,0.99956
17.22000,0.52194,0.00000,0.00013,0.99986
17.29000,0.52194,0.00000,0.00006,0.99994
17.36000,0.52194,0.00000,0.00014,0.99986
17.43000,0.52194,0.00000,0.00022,0.99978
17.50000,0.52194,0.00003,0.00275,0.99722
17.57000,0.52194,0.00253,0.05396,0.94351
17.64000,0.52194,0.00009,0.00373,0.99618
17.71000,0.52194,0.00007,0.00326,0.99667
17.78000,0.52194,0.00011,0.08465,0.91524
17.85000,0.52194,0.00011,0.06629,0.93360
17.92000,0.52194,0.00005,0.00262,0.99733
17.99000,0.52194,0.00001,0.00095,0.99904
18.06000,0.52194,0.00000,0.00003,0.99997
18.13000,0.52194,0.00000,0.00003,0.99997
18.20000,0.52194,0.00000,0.00000,1.00000
18.27000,0.52194,0.00000,0.00000,1.00000
18.34000,0.52194,0.00000,0.00001,0.99999
18.41000,0.52194,0.00000,0.00002,0.99998
18.48000,0.52194,0.00000,0.00019,0.99981
18.55000,0.52194,0.00006,0.00154,0.99840
18.62000,0.52194,0.00132,0.01753,0.98114
18.69000,0.52194,0.00676,0.04148,0.95176
18.76000,0.52194,0.00934,0.02637,0.96430
18.83000,0.52194,0.08024,0.04550,0.87426
18.90000,0.52194,0.33037,0.04927,0.62036
18.97000,0.52194,0.52502,0.05718,0.41780
19.04000,0.52194,0.79764,0.04939,0.15297
19.11000,0.52194,0.87488,0.04634,0.07878
19.18000,0.52194,0.87413,0.05443,0.07144
19.25000,0.52194,0.87949,0.05462,0.06588
19.32000,0.52194,0.85976,0.08363,0.05660
19.39000,0.52194,0.86339,0.07978,0.05684
19.46000,0.52194,0.86789,0.07115,0.06096
19.53000,0.52194,0.86926,0.06735,0.06340
19.60000,0.52194,0.86998,0.06750,0.06253
19.67000,0.52194,0.87010,0.06798,0.06192
19.74000,0.52194,0.87143,0.06750,0.06107
19.81000,0.52194,0.86722,0.06311,0.06967
19.88000,0.52194,0.86692,0.04057,0.09251
19.95000,0.52194,0.85279,0.03138,0.11583
20.02000,0.52194,0.84919,0.03758,0.11323
20.09000,0.52194,0.83068,0.03589,0.13343
20.16000,0.52194,0.84360,0.03117,0.12522
20.23000,0.52194,0.84495,0.03249,0.12256
20.30000,0.52194,0.83211,0.05505,0.11283
20.37000,0.52194,0.79948,0.06606,0.13446
20.44000,0.52194,0.76201,0.06039,0.17760
20.51000,0.52194,0.81194,0.03605,0.15201
20.58000,0.52194,0.70071,0.08574,0.21355
20.65000,0.52194,0.80194,0.05512,0.14294
